0 0 0 0 0 0 0 0
0 1 -0.383592440106616 1.95369904232295 6.90000000000000 0 0.05 0
0 2 79.4664492222200 6.95078284437218 6.90000000000000 0 0 0 
0 3 1.15403000000000 -0.405300000000000 13.7000000000000 0 0.05 0 
0 4 66.3961785633991 31.9959415013894 13.7000000000000 0 -1.62 0
0 5 1.15403000000000 -0.405300000000000 0 0 0.05 0
0 6 54.0635000000000 5.53790000000000 0 0 -3.0432 0 
0 7 143.696200000000 12.8640000000000 0 0 -2.8432 0 
1 0 61.6800000000000 -22.4743000000000 0 0 -3.1032 0 
1 1 63.0100000000000 -23.1800000000000 0 0 -3.1032 0
